name: mbed
channels:
  - msys2
  - conda-forge
  - defaults
dependencies:
  - ca-certificates=2020.6.20=hecda079_0
  - certifi=2019.11.28=py27_0
  - m2-bash=4.3.042=5
  - m2-ca-certificates=20150426=103
  - m2-coreutils=8.25=102
  - m2-curl=7.47.1=3
  - m2-db=5.3.28=3
  - m2-expat=2.1.1=2
  - m2-findutils=4.6.0=2
  - m2-gcc-libs=5.3.0=4
  - m2-gdbm=1.11=4
  - m2-git=2.8.1=2
  - m2-gmp=6.1.0=3
  - m2-gzip=1.7=2
  - m2-heimdal=1.5.3=10
  - m2-heimdal-libs=1.5.3=10
  - m2-icu=56.1=2
  - m2-info=6.0=2
  - m2-less=481=2
  - m2-libcrypt=1.3=2
  - m2-libcurl=7.47.1=3
  - m2-libdb=5.3.28=3
  - m2-libedit=3.1=20150326
  - m2-libexpat=2.1.1=2
  - m2-libffi=3.2.1=2
  - m2-libgdbm=1.11=4
  - m2-libiconv=1.14=3
  - m2-libidn=1.32=2
  - m2-libintl=0.19.7=4
  - m2-libmetalink=0.1.2=3
  - m2-libopenssl=1.0.2.g=2
  - m2-libp11-kit=0.23.2=2
  - m2-libpcre=8.38=2
  - m2-libreadline=6.3.008=8
  - m2-libsqlite=3.10.0.0=2
  - m2-libssh2=1.6.0=2
  - m2-libtasn1=4.7=2
  - m2-msys2-runtime=2.5.0.17080.65c939c=3
  - m2-ncurses=6.0.20160220=2
  - m2-openssh=7.1p2=2
  - m2-openssl=1.0.2.g=2
  - m2-p11-kit=0.23.2=2
  - m2-perl=5.22.1=2
  - m2-perl-authen-sasl=2.16=3
  - m2-perl-convert-binhex=1.123=3
  - m2-perl-encode-locale=1.04=2
  - m2-perl-error=0.17024=2
  - m2-perl-file-listing=6.04=3
  - m2-perl-html-parser=3.71=4
  - m2-perl-html-tagset=3.20=3
  - m2-perl-http-cookies=6.01=3
  - m2-perl-http-daemon=6.01=3
  - m2-perl-http-date=6.02=3
  - m2-perl-http-message=6.06=3
  - m2-perl-http-negotiate=6.01=3
  - m2-perl-io-socket-ssl=2.016=2
  - m2-perl-io-stringy=2.111=2
  - m2-perl-libwww=6.13=2
  - m2-perl-lwp-mediatypes=6.02=3
  - m2-perl-mailtools=2.14=2
  - m2-perl-mime-tools=5.506=2
  - m2-perl-net-http=6.09=2
  - m2-perl-net-smtp-ssl=1.02=2
  - m2-perl-net-ssleay=1.72=2
  - m2-perl-termreadkey=2.33=2
  - m2-perl-timedate=2.30=3
  - m2-perl-uri=1.68=2
  - m2-perl-www-robotrules=6.02=3
  - m2-sed=4.2.2=3
  - m2-vim=7.4.1721=2
  - m2-zlib=1.2.8=4
  - mercurial=5.3=py27h0c8e037_0
  - msys2-conda-epoch=20160418=1
  - pip=19.3.1=py27_0
  - python=2.7.18=hfb89ab9_0
  - setuptools=44.0.0=py27_0
  - sqlite=3.30.1=h0c8e037_0
  - vc=9=h7299396_1
  - vs2008_runtime=9.00.30729.1=hfaea7d5_1
  - wheel=0.33.6=py27_0
  - wincertstore=0.2=py27hf04cefb_0
  - pip:
    - appdirs==1.4.4
    - backports-functools-lru-cache==1.6.1
    - beautifulsoup4==4.9.1
    - chardet==3.0.4
    - colorama==0.4.3
    - fasteners==0.15
    - future==0.18.2
    - idna==2.10
    - intelhex==2.2.1
    - junit-xml==1.9
    - lockfile==0.12.2
    - mbed-cli==1.10.4
    - mbed-os-tools==0.0.15
    - monotonic==1.5
    - prettytable==0.7.2
    - pyserial==3.4
    - requests==2.24.0
    - six==1.15.0
    - soupsieve==1.9.6
    - urllib3==1.25.10
prefix: C:\Projects\McuML\miniconda3\envs\mbed
